41638.5
41639.5
41640.5
41641.5
41642.5
41643.5
41644.5
41645.5
41646.5
41647.5
41648.5
41649.5
41650.5
41651.5
41652.5
41653.5
41654.5
41655.5
41656.5
41657.5
41658.5
41659.5
41660.5
41661.5
41662.5
41663.5
41664.5
41665.5
41666.5
41667.5
41668.5
41669.5
41670.5
41671.5
41672.5
41673.5
41674.5
41675.5
41676.5
41677.5
41678.5
41679.5
41680.5
41681.5
41682.5
41683.5
41684.5
41685.5
41686.5
41687.5
41688.5
41689.5
41690.5
41691.5
41692.5
41693.5
41694.5
41695.5
41696.5
41697.5
41698.5
41699.5
41700.5
41701.5
41702.5
41703.5
41704.5
41705.5
41706.5
41707.5
41708.5
41709.5
41710.5
41711.5
41712.5
41713.5
41714.5
41715.5
41716.5
41717.5
41718.5
41719.5
41720.5
41721.5
41722.5
41723.5
41724.5
41725.5
41726.5
41727.5
41728.5
41729.5
41730.5
41731.5
41732.5
41733.5
41734.5
41735.5
41736.5
41737.5
41738.5
41739.5
41740.5
41741.5
41742.5
41743.5
41744.5
41745.5
41746.5
41747.5
41748.5
41749.5
41750.5
41751.5
41752.5
41753.5
41754.5
41755.5
41756.5
41757.5
41758.5
41759.5
41760.5
41761.5
41762.5
41763.5
41764.5
41765.5
41766.5
41767.5
41768.5
41769.5
41770.5
41771.5
41772.5
41773.5
41774.5
41775.5
41776.5
41777.5
41778.5
41779.5
41780.5
41781.5
41782.5
41783.5
41784.5
41785.5
41786.5
41787.5
41788.5
41789.5
41790.5
41791.5
41792.5
41793.5
41794.5
41795.5
41796.5
41797.5
41798.5
41799.5
41800.5
41801.5
41802.5
41803.5
41804.5
41805.5
41806.5
41807.5
41808.5
41809.5
41810.5
41811.5
41812.5
41813.5
41814.5
41815.5
41816.5
41817.5
41818.5
41819.5
41820.5
41821.5
41822.5
41823.5
41824.5
41825.5
41826.5
41827.5
41828.5
41829.5
41830.5
41831.5
41832.5
41833.5
41834.5
41835.5
41836.5
41837.5
41838.5
41839.5
41840.5
41841.5
41842.5
41843.5
41844.5
41845.5
41846.5
41847.5
41848.5
41849.5
41850.5
41851.5
41852.5
41853.5
41854.5
41855.5
41856.5
41857.5
41858.5
41859.5
41860.5
41861.5
41862.5
41863.5
41864.5
41865.5
41866.5
41867.5
41868.5
41869.5
41870.5
41871.5
41872.5
41873.5
41874.5
41875.5
41876.5
41877.5
41878.5
41879.5
41880.5
41881.5
41882.5
41883.5
41884.5
41885.5
41886.5
41887.5
41888.5
41889.5
41890.5
41891.5
41892.5
41893.5
41894.5
41895.5
41896.5
41897.5
41898.5
41899.5
41900.5
41901.5
41902.5
41903.5
41904.5
41905.5
41906.5
41907.5
41908.5
41909.5
41910.5
41911.5
41912.5
41913.5
41914.5
41915.5
41916.5
41917.5
41918.5
41919.5
41920.5
41921.5
41922.5
41923.5
41924.5
41925.5
41926.5
41927.5
41928.5
41929.5
41930.5
41931.5
41932.5
41933.5
41934.5
41935.5
41936.5
41937.5
41938.5
41939.5
41940.5
41941.5
41942.5
41943.5
41944.5
41945.5
41946.5
41947.5
41948.5
41949.5
41950.5
41951.5
41952.5
41953.5
41954.5
41955.5
41956.5
41957.5
41958.5
41959.5
41960.5
41961.5
41962.5
41963.5
41964.5
41965.5
41966.5
41967.5
41968.5
41969.5
41970.5
41971.5
41972.5
41973.5
41974.5
41975.5
41976.5
41977.5
41978.5
41979.5
41980.5
41981.5
41982.5
41983.5
41984.5
41985.5
41986.5
41987.5
41988.5
41989.5
41990.5
41991.5
41992.5
41993.5
41994.5
41995.5
41996.5
41997.5
41998.5
41999.5
42000.5
42001.5
42002.5
42003.5
42004.5
42005.5
42006.5
42007.5
42008.5
42009.5
42010.5
42011.5
42012.5
42013.5
42014.5
42015.5
42016.5
42017.5
42018.5
42019.5
42020.5
42021.5
42022.5
42023.5
42024.5
42025.5
42026.5
42027.5
42028.5
42029.5
42030.5
42031.5
42032.5
42033.5
42034.5
42035.5
42036.5
42037.5
42038.5
42039.5
42040.5
42041.5
42042.5
42043.5
42044.5
42045.5
42046.5
42047.5
42048.5
42049.5
42050.5
42051.5
42052.5
42053.5
42054.5
42055.5
42056.5
42057.5
42058.5
42059.5
42060.5
42061.5
42062.5
42063.5
42064.5
42065.5
42066.5
42067.5
42068.5
42069.5
42070.5
42071.5
42072.5
42073.5
42074.5
42075.5
42076.5
42077.5
42078.5
42079.5
42080.5
42081.5
42082.5
42083.5
42084.5
42085.5
42086.5
42087.5
42088.5
42089.5
42090.5
42091.5
42092.5
42093.5
42094.5
42095.5
42096.5
42097.5
42098.5
42099.5
42100.5
42101.5
42102.5
42103.5
42104.5
42105.5
42106.5
42107.5
42108.5
42109.5
42110.5
42111.5
42112.5
42113.5
42114.5
42115.5
42116.5
42117.5
42118.5
42119.5
42120.5
42121.5
42122.5
42123.5
42124.5
42125.5
42126.5
42127.5
42128.5
42129.5
42130.5
42131.5
42132.5
42133.5
42134.5
42135.5
42136.5
42137.5
42138.5
42139.5
42140.5
42141.5
42142.5
42143.5
42144.5
42145.5
42146.5
42147.5
42148.5
42149.5
42150.5
42151.5
42152.5
42153.5
42154.5
42155.5
42156.5
42157.5
42158.5
42159.5
42160.5
42161.5
42162.5
42163.5
42164.5
42165.5
42166.5
42167.5
42168.5
42169.5
42170.5
42171.5
42172.5
42173.5
42174.5
42175.5
42176.5
42177.5
42178.5
42179.5
42180.5
42181.5
42182.5
42183.5
42184.5
42185.5
42186.5
42187.5
42188.5
42189.5
42190.5
42191.5
42192.5
42193.5
42194.5
42195.5
42196.5
42197.5
42198.5
42199.5
42200.5
42201.5
42202.5
42203.5
42204.5
42205.5
42206.5
42207.5
42208.5
42209.5
42210.5
42211.5
42212.5
42213.5
42214.5
42215.5
42216.5
42217.5
42218.5
42219.5
42220.5
42221.5
42222.5
42223.5
42224.5
42225.5
42226.5
42227.5
42228.5
42229.5
42230.5
42231.5
42232.5
42233.5
42234.5
42235.5
42236.5
42237.5
42238.5
42239.5
42240.5
42241.5
42242.5
42243.5
42244.5
42245.5
42246.5
42247.5
42248.5
42249.5
42250.5
42251.5
42252.5
42253.5
42254.5
42255.5
42256.5
42257.5
42258.5
42259.5
42260.5
42261.5
42262.5
42263.5
42264.5
42265.5
42266.5
42267.5
42268.5
42269.5
42270.5
42271.5
42272.5
42273.5
42274.5
42275.5
42276.5
42277.5
42278.5
42279.5
42280.5
42281.5
42282.5
42283.5
42284.5
42285.5
42286.5
42287.5
42288.5
42289.5
42290.5
42291.5
42292.5
42293.5
42294.5
42295.5
42296.5
42297.5
42298.5
42299.5
42300.5
42301.5
42302.5
42303.5
42304.5
42305.5
42306.5
42307.5
42308.5
42309.5
42310.5
42311.5
42312.5
42313.5
42314.5
42315.5
42316.5
42317.5
42318.5
42319.5
42320.5
42321.5
42322.5
42323.5
42324.5
42325.5
42326.5
42327.5
42328.5
42329.5
42330.5
42331.5
42332.5
42333.5
42334.5
42335.5
42336.5
42337.5
42338.5
42339.5
42340.5
42341.5
42342.5
42343.5
42344.5
42345.5
42346.5
42347.5
42348.5
42349.5
42350.5
42351.5
42352.5
42353.5
42354.5
42355.5
42356.5
42357.5
42358.5
42359.5
42360.5
42361.5
42362.5
42363.5
42364.5
42365.5
42366.5
42367.5
42368.5
42369.5
42370.5
42371.5
42372.5
42373.5
42374.5
42375.5
42376.5
42377.5
42378.5
42379.5
42380.5
42381.5
42382.5
42383.5
42384.5
42385.5
42386.5
42387.5
42388.5
42389.5
42390.5
42391.5
42392.5
42393.5
42394.5
42395.5
42396.5
42397.5
42398.5
42399.5
42400.5
42401.5
42402.5
42403.5
42404.5
42405.5
42406.5
42407.5
42408.5
42409.5
42410.5
42411.5
42412.5
42413.5
42414.5
42415.5
42416.5
42417.5
42418.5
42419.5
42420.5
42421.5
42422.5
42423.5
42424.5
42425.5
42426.5
42427.5
42428.5
42429.5
42430.5
42431.5
42432.5
42433.5
42434.5
42435.5
42436.5
42437.5
42438.5
42439.5
42440.5
42441.5
42442.5
42443.5
42444.5
42445.5
42446.5
42447.5
42448.5
42449.5
42450.5
42451.5
42452.5
42453.5
42454.5
42455.5
42456.5
42457.5
42458.5
42459.5
42460.5
42461.5
42462.5
42463.5
42464.5
42465.5
42466.5
42467.5
42468.5
42469.5
42470.5
42471.5
42472.5
42473.5
42474.5
42475.5
42476.5
42477.5
42478.5
42479.5
42480.5
42481.5
42482.5
42483.5
42484.5
42485.5
42486.5
42487.5
42488.5
42489.5
42490.5
42491.5
42492.5
42493.5
42494.5
42495.5
42496.5
42497.5
42498.5
42499.5
42500.5
42501.5
42502.5
42503.5
42504.5
42505.5
42506.5
42507.5
42508.5
42509.5
42510.5
42511.5
42512.5
42513.5
42514.5
42515.5
42516.5
42517.5
42518.5
42519.5
42520.5
42521.5
42522.5
42523.5
42524.5
42525.5
42526.5
42527.5
42528.5
42529.5
42530.5
42531.5
42532.5
42533.5
42534.5
42535.5
42536.5
42537.5
42538.5
42539.5
42540.5
42541.5
42542.5
42543.5
42544.5
42545.5
42546.5
42547.5
42548.5
42549.5
42550.5
42551.5
42552.5
42553.5
42554.5
42555.5
42556.5
42557.5
42558.5
42559.5
42560.5
42561.5
42562.5
42563.5
42564.5
42565.5
42566.5
42567.5
42568.5
42569.5
42570.5
42571.5
42572.5
42573.5
42574.5
42575.5
42576.5
42577.5
42578.5
42579.5
42580.5
42581.5
42582.5
42583.5
42584.5
42585.5
42586.5
42587.5
42588.5
42589.5
42590.5
42591.5
42592.5
42593.5
42594.5
42595.5
42596.5
42597.5
42598.5
42599.5
42600.5
42601.5
42602.5
42603.5
42604.5
42605.5
42606.5
42607.5
42608.5
42609.5
42610.5
42611.5
42612.5
42613.5
42614.5
42615.5
42616.5
42617.5
42618.5
42619.5
42620.5
42621.5
42622.5
42623.5
42624.5
42625.5
42626.5
42627.5
42628.5
42629.5
42630.5
42631.5
42632.5
42633.5
42634.5
42635.5
42636.5
42637.5
42638.5
42639.5
42640.5
42641.5
42642.5
42643.5
42644.5
42645.5
42646.5
42647.5
42648.5
42649.5
42650.5
42651.5
42652.5
42653.5
42654.5
42655.5
42656.5
42657.5
42658.5
42659.5
42660.5
42661.5
42662.5
42663.5
42664.5
42665.5
42666.5
42667.5
42668.5
42669.5
42670.5
42671.5
42672.5
42673.5
42674.5
42675.5
42676.5
42677.5
42678.5
42679.5
42680.5
42681.5
42682.5
42683.5
42684.5
42685.5
42686.5
42687.5
42688.5
42689.5
42690.5
42691.5
42692.5
42693.5
42694.5
42695.5
42696.5
42697.5
42698.5
42699.5
42700.5
42701.5
42702.5
42703.5
42704.5
42705.5
42706.5
42707.5
42708.5
42709.5
42710.5
42711.5
42712.5
42713.5
42714.5
42715.5
42716.5
42717.5
42718.5
42719.5
42720.5
42721.5
42722.5
42723.5
42724.5
42725.5
42726.5
42727.5
42728.5
42729.5
42730.5
42731.5
42732.5
42733.5
42734.5
42735.5
42736.5
42737.5
42738.5
42739.5
42740.5
42741.5
42742.5
42743.5
42744.5
42745.5
42746.5
42747.5
42748.5
42749.5
42750.5
42751.5
42752.5
42753.5
42754.5
42755.5
42756.5
42757.5
42758.5
42759.5
42760.5
42761.5
42762.5
42763.5
42764.5
42765.5
42766.5
42767.5
42768.5
42769.5
42770.5
42771.5
42772.5
42773.5
42774.5
42775.5
42776.5
42777.5
42778.5
42779.5
42780.5
42781.5
42782.5
42783.5
42784.5
42785.5
42786.5
42787.5
42788.5
42789.5
42790.5
42791.5
42792.5
42793.5
42794.5
42795.5
42796.5
42797.5
42798.5
42799.5
42800.5
42801.5
42802.5
42803.5
42804.5
42805.5
42806.5
42807.5
42808.5
42809.5
42810.5
42811.5
42812.5
42813.5
42814.5
42815.5
42816.5
42817.5
42818.5
42819.5
42820.5
42821.5
42822.5
42823.5
42824.5
42825.5
42826.5
42827.5
42828.5
42829.5
42830.5
42831.5
42832.5
42833.5
42834.5
42835.5
42836.5
42837.5
42838.5
42839.5
42840.5
42841.5
42842.5
42843.5
42844.5
42845.5
42846.5
42847.5
42848.5
42849.5
42850.5
42851.5
42852.5
42853.5
42854.5
42855.5
42856.5
42857.5
42858.5
42859.5
42860.5
42861.5
42862.5
42863.5
42864.5
42865.5
42866.5
42867.5
42868.5
42869.5
42870.5
42871.5
42872.5
42873.5
42874.5
42875.5
42876.5
42877.5
42878.5
42879.5
42880.5
42881.5
42882.5
42883.5
42884.5
42885.5
42886.5
42887.5
42888.5
42889.5
42890.5
42891.5
42892.5
42893.5
42894.5
42895.5
42896.5
42897.5
42898.5
42899.5
42900.5
42901.5
42902.5
42903.5
42904.5
42905.5
42906.5
42907.5
42908.5
42909.5
42910.5
42911.5
42912.5
42913.5
42914.5
42915.5
42916.5
42917.5
42918.5
42919.5
42920.5
42921.5
42922.5
42923.5
42924.5
42925.5
42926.5
42927.5
42928.5
42929.5
42930.5
42931.5
42932.5
42933.5
42934.5
42935.5
42936.5
42937.5
42938.5
42939.5
42940.5
42941.5
42942.5
42943.5
42944.5
42945.5
42946.5
42947.5
42948.5
42949.5
42950.5
42951.5
42952.5
42953.5
42954.5
42955.5
42956.5
42957.5
42958.5
42959.5
42960.5
42961.5
42962.5
42963.5
42964.5
42965.5
42966.5
42967.5
42968.5
42969.5
42970.5
42971.5
42972.5
42973.5
42974.5
42975.5
42976.5
42977.5
42978.5
42979.5
42980.5
42981.5
42982.5
42983.5
42984.5
42985.5
42986.5
42987.5
42988.5
42989.5
42990.5
42991.5
42992.5
42993.5
42994.5
42995.5
42996.5
42997.5
42998.5
42999.5
43000.5
43001.5
43002.5
43003.5
43004.5
43005.5
43006.5
43007.5
43008.5
43009.5
43010.5
43011.5
43012.5
43013.5
43014.5
43015.5
43016.5
43017.5
43018.5
43019.5
43020.5
43021.5
43022.5
43023.5
43024.5
43025.5
43026.5
43027.5
43028.5
43029.5
43030.5
43031.5
43032.5
43033.5
43034.5
43035.5
43036.5
43037.5
43038.5
43039.5
43040.5
43041.5
43042.5
43043.5
43044.5
43045.5
43046.5
43047.5
43048.5
43049.5
43050.5
43051.5
43052.5
43053.5
43054.5
43055.5
43056.5
43057.5
43058.5
43059.5
43060.5
43061.5
43062.5
43063.5
43064.5
43065.5
43066.5
43067.5
43068.5
43069.5
43070.5
43071.5
43072.5
43073.5
43074.5
43075.5
43076.5
43077.5
43078.5
43079.5
43080.5
43081.5
43082.5
43083.5
43084.5
43085.5
43086.5
43087.5
43088.5
43089.5
43090.5
43091.5
43092.5
43093.5
43094.5
43095.5
43096.5
43097.5
43098.5
43099.5
43100.5
43101.5
43102.5
43103.5
43104.5
43105.5
43106.5
43107.5
43108.5
43109.5
43110.5
43111.5
43112.5
43113.5
43114.5
43115.5
43116.5
43117.5
43118.5
43119.5
43120.5
43121.5
43122.5
43123.5
43124.5
43125.5
43126.5
43127.5
43128.5
43129.5
43130.5
43131.5
43132.5
43133.5
43134.5
43135.5
43136.5
43137.5
43138.5
43139.5
43140.5
43141.5
43142.5
43143.5
43144.5
43145.5
43146.5
43147.5
43148.5
43149.5
43150.5
43151.5
43152.5
43153.5
43154.5
43155.5
43156.5
43157.5
43158.5
43159.5
43160.5
43161.5
43162.5
43163.5
43164.5
43165.5
43166.5
43167.5
43168.5
43169.5
43170.5
43171.5
43172.5
43173.5
43174.5
43175.5
43176.5
43177.5
43178.5
43179.5
43180.5
43181.5
43182.5
43183.5
43184.5
43185.5
43186.5
43187.5
43188.5
43189.5
43190.5
43191.5
43192.5
43193.5
43194.5
43195.5
43196.5
43197.5
43198.5
43199.5
43200.5
43201.5
43202.5
43203.5
43204.5
43205.5
43206.5
43207.5
43208.5
43209.5
43210.5
43211.5
43212.5
43213.5
43214.5
43215.5
43216.5
43217.5
43218.5
43219.5
43220.5
43221.5
43222.5
43223.5
43224.5
43225.5
43226.5
43227.5
43228.5
43229.5
43230.5
43231.5
43232.5
43233.5
43234.5
43235.5
43236.5
43237.5
43238.5
43239.5
43240.5
43241.5
43242.5
43243.5
43244.5
43245.5
43246.5
43247.5
43248.5
43249.5
43250.5
43251.5
43252.5
43253.5
43254.5
43255.5
43256.5
43257.5
43258.5
43259.5
43260.5
43261.5
43262.5
43263.5
43264.5
43265.5
43266.5
43267.5
43268.5
43269.5
43270.5
43271.5
43272.5
43273.5
43274.5
43275.5
43276.5
43277.5
43278.5
43279.5
43280.5
43281.5
43282.5
43283.5
43284.5
43285.5
43286.5
43287.5
43288.5
43289.5
43290.5
43291.5
43292.5
43293.5
43294.5
43295.5
43296.5
43297.5
43298.5
43299.5
43300.5
43301.5
43302.5
43303.5
43304.5
43305.5
43306.5
43307.5
43308.5
43309.5
43310.5
43311.5
43312.5
43313.5
43314.5
43315.5
43316.5
43317.5
43318.5
43319.5
43320.5
43321.5
43322.5
43323.5
43324.5
43325.5
43326.5
43327.5
43328.5
43329.5
43330.5
43331.5
43332.5
43333.5
43334.5
43335.5
43336.5
43337.5
43338.5
43339.5
43340.5
43341.5
43342.5
43343.5
43344.5
43345.5
43346.5
43347.5
43348.5
43349.5
43350.5
43351.5
43352.5
43353.5
43354.5
43355.5
43356.5
43357.5
43358.5
43359.5
43360.5
43361.5
43362.5
43363.5
43364.5
43365.5
43366.5
43367.5
43368.5
43369.5
43370.5
43371.5
43372.5
43373.5
43374.5
43375.5
43376.5
43377.5
43378.5
43379.5
43380.5
43381.5
43382.5
43383.5
43384.5
43385.5
43386.5
43387.5
43388.5
43389.5
43390.5
43391.5
43392.5
43393.5
43394.5
43395.5
43396.5
43397.5
43398.5
43399.5
43400.5
43401.5
43402.5
43403.5
43404.5
43405.5
43406.5
43407.5
43408.5
43409.5
43410.5
43411.5
43412.5
43413.5
43414.5
43415.5
43416.5
43417.5
43418.5
43419.5
43420.5
43421.5
43422.5
43423.5
43424.5
43425.5
43426.5
43427.5
43428.5
43429.5
43430.5
43431.5
43432.5
43433.5
43434.5
43435.5
43436.5
43437.5
43438.5
43439.5
43440.5
43441.5
43442.5
43443.5
43444.5
43445.5
43446.5
43447.5
43448.5
43449.5
43450.5
43451.5
43452.5
43453.5
43454.5
43455.5
43456.5
43457.5
43458.5
43459.5
43460.5
43461.5
43462.5
43463.5
43464.5
43465.5
43466.5
43467.5
43468.5
43469.5
43470.5
43471.5
43472.5
43473.5
43474.5
43475.5
43476.5
43477.5
43478.5
43479.5
43480.5
43481.5
43482.5
43483.5
43484.5
43485.5
43486.5
43487.5
43488.5
43489.5
43490.5
43491.5
43492.5
43493.5
43494.5
43495.5
43496.5
43497.5
43498.5
43499.5
43500.5
43501.5
43502.5
43503.5
43504.5
43505.5
43506.5
43507.5
43508.5
43509.5
43510.5
43511.5
43512.5
43513.5
43514.5
43515.5
43516.5
43517.5
43518.5
43519.5
43520.5
43521.5
43522.5
43523.5
43524.5
43525.5
43526.5
43527.5
43528.5
43529.5
43530.5
43531.5
43532.5
43533.5
43534.5
43535.5
43536.5
43537.5
43538.5
43539.5
43540.5
43541.5
43542.5
43543.5
43544.5
43545.5
43546.5
43547.5
43548.5
43549.5
43550.5
43551.5
43552.5
43553.5
43554.5
43555.5
43556.5
43557.5
43558.5
43559.5
43560.5
43561.5
43562.5
43563.5
43564.5
43565.5
43566.5
43567.5
43568.5
43569.5
43570.5
43571.5
43572.5
43573.5
43574.5
43575.5
43576.5
43577.5
43578.5
43579.5
43580.5
43581.5
43582.5
43583.5
43584.5
43585.5
43586.5
43587.5
43588.5
43589.5
43590.5
43591.5
43592.5
43593.5
43594.5
43595.5
43596.5
43597.5
43598.5
43599.5
43600.5
43601.5
43602.5
43603.5
43604.5
43605.5
43606.5
43607.5
43608.5
43609.5
43610.5
43611.5
43612.5
43613.5
43614.5
43615.5
43616.5
43617.5
43618.5
43619.5
43620.5
43621.5
43622.5
43623.5
43624.5
43625.5
43626.5
43627.5
43628.5
43629.5
43630.5
43631.5
43632.5
43633.5
43634.5
43635.5
43636.5
43637.5
43638.5
43639.5
43640.5
43641.5
43642.5
43643.5
43644.5
43645.5
43646.5
43647.5
43648.5
43649.5
43650.5
43651.5
43652.5
43653.5
43654.5
43655.5
43656.5
43657.5
43658.5
43659.5
43660.5
43661.5
43662.5
43663.5
43664.5
43665.5
43666.5
43667.5
43668.5
43669.5
43670.5
43671.5
43672.5
43673.5
43674.5
43675.5
43676.5
43677.5
43678.5
43679.5
43680.5
43681.5
43682.5
43683.5
43684.5
43685.5
43686.5
43687.5
43688.5
43689.5
43690.5
43691.5
43692.5
43693.5
43694.5
43695.5
43696.5
43697.5
43698.5
43699.5
43700.5
43701.5
43702.5
43703.5
43704.5
43705.5
43706.5
43707.5
43708.5
43709.5
43710.5
43711.5
43712.5
43713.5
43714.5
43715.5
43716.5
43717.5
43718.5
43719.5
43720.5
43721.5
43722.5
43723.5
43724.5
43725.5
43726.5
43727.5
43728.5
43729.5
43730.5
43731.5
43732.5
43733.5
43734.5
43735.5
43736.5
43737.5
43738.5
43739.5
43740.5
43741.5
43742.5
43743.5
43744.5
43745.5
43746.5
43747.5
43748.5
43749.5
43750.5
43751.5
43752.5
43753.5
43754.5
43755.5
43756.5
43757.5
43758.5
43759.5
43760.5
43761.5
43762.5
43763.5
43764.5
43765.5
43766.5
43767.5
43768.5
43769.5
43770.5
43771.5
43772.5
43773.5
43774.5
43775.5
43776.5
43777.5
43778.5
43779.5
43780.5
43781.5
43782.5
43783.5
43784.5
43785.5
43786.5
43787.5
43788.5
43789.5
43790.5
43791.5
43792.5
43793.5
43794.5
43795.5
43796.5
43797.5
43798.5
43799.5
43800.5
43801.5
43802.5
43803.5
43804.5
43805.5
43806.5
43807.5
43808.5
43809.5
43810.5
43811.5
43812.5
43813.5
43814.5
43815.5
43816.5
43817.5
43818.5
43819.5
43820.5
43821.5
43822.5
43823.5
43824.5
43825.5
43826.5
43827.5
43828.5
